%YAML:1.0
---
objectPoints: [ -120.000,     -80.0000,     0.000000,
                -100.000,     -80.0000,     0.000000,
                -80.0000,     -80.0000,     0.000000,
                -60.0000,     -80.0000,     0.000000,
                -40.0000,     -80.0000,     0.000000,
                -20.0000,     -80.0000,     0.000000,
                0.000000,     -80.0000,     0.000000,
                 20.0000,     -80.0000,     0.000000,
                 40.0000,     -80.0000,     0.000000,
                 60.0000,     -80.0000,     0.000000,
                 80.0000,     -80.0000,     0.000000,
                 100.000,     -80.0000,     0.000000,
                 120.000,     -80.0000,     0.000000,
                 140.000,     -80.0000,     0.000000,
                -120.000,     -60.0000,     0.000000,
                -100.000,     -60.0000,     0.000000,
                -80.0000,     -60.0000,     0.000000,
                -60.0000,     -60.0000,     0.000000,
                -40.0000,     -60.0000,     0.000000,
                -20.0000,     -60.0000,     0.000000,
                0.000000,     -60.0000,     0.000000,
                 20.0000,     -60.0000,     0.000000,
                 40.0000,     -60.0000,     0.000000,
                 60.0000,     -60.0000,     0.000000,
                 80.0000,     -60.0000,     0.000000,
                 100.000,     -60.0000,     0.000000,
                 120.000,     -60.0000,     0.000000,
                 140.000,     -60.0000,     0.000000,
                -120.000,     -40.0000,     0.000000,
                -100.000,     -40.0000,     0.000000,
                -80.0000,     -40.0000,     0.000000,
                -60.0000,     -40.0000,     0.000000,
                -40.0000,     -40.0000,     0.000000,
                -20.0000,     -40.0000,     0.000000,
                0.000000,     -40.0000,     0.000000,
                 20.0000,     -40.0000,     0.000000,
                 40.0000,     -40.0000,     0.000000,
                 60.0000,     -40.0000,     0.000000,
                 80.0000,     -40.0000,     0.000000,
                 100.000,     -40.0000,     0.000000,
                 120.000,     -40.0000,     0.000000,
                 140.000,     -40.0000,     0.000000,
                -120.000,     -20.0000,     0.000000,
                -100.000,     -20.0000,     0.000000,
                -80.0000,     -20.0000,     0.000000,
                -60.0000,     -20.0000,     0.000000,
                -40.0000,     -20.0000,     0.000000,
                -20.0000,     -20.0000,     0.000000,
                0.000000,     -20.0000,     0.000000,
                 20.0000,     -20.0000,     0.000000,
                 40.0000,     -20.0000,     0.000000,
                 60.0000,     -20.0000,     0.000000,
                 80.0000,     -20.0000,     0.000000,
                 100.000,     -20.0000,     0.000000,
                 120.000,     -20.0000,     0.000000,
                 140.000,     -20.0000,     0.000000,
                -120.000,     0.000000,     0.000000,
                -100.000,     0.000000,     0.000000,
                -80.0000,     0.000000,     0.000000,
                -60.0000,     0.000000,     0.000000,
                -40.0000,     0.000000,     0.000000,
                -20.0000,     0.000000,     0.000000,
                0.000000,     0.000000,     0.000000,
                 20.0000,     0.000000,     0.000000,
                 40.0000,     0.000000,     0.000000,
                 60.0000,     0.000000,     0.000000,
                 80.0000,     0.000000,     0.000000,
                 100.000,     0.000000,     0.000000,
                 120.000,     0.000000,     0.000000,
                 140.000,     0.000000,     0.000000,
                -120.000,      20.0000,     0.000000,
                -100.000,      20.0000,     0.000000,
                -80.0000,      20.0000,     0.000000,
                -60.0000,      20.0000,     0.000000,
                -40.0000,      20.0000,     0.000000,
                -20.0000,      20.0000,     0.000000,
                0.000000,      20.0000,     0.000000,
                 20.0000,      20.0000,     0.000000,
                 40.0000,      20.0000,     0.000000,
                 60.0000,      20.0000,     0.000000,
                 80.0000,      20.0000,     0.000000,
                 100.000,      20.0000,     0.000000,
                 120.000,      20.0000,     0.000000,
                 140.000,      20.0000,     0.000000,
                -120.000,      40.0000,     0.000000,
                -100.000,      40.0000,     0.000000,
                -80.0000,      40.0000,     0.000000,
                -60.0000,      40.0000,     0.000000,
                -40.0000,      40.0000,     0.000000,
                -20.0000,      40.0000,     0.000000,
                0.000000,      40.0000,     0.000000,
                 20.0000,      40.0000,     0.000000,
                 40.0000,      40.0000,     0.000000,
                 60.0000,      40.0000,     0.000000,
                 80.0000,      40.0000,     0.000000,
                 100.000,      40.0000,     0.000000,
                 120.000,      40.0000,     0.000000,
                 140.000,      40.0000,     0.000000,
                -120.000,      60.0000,     0.000000,
                -100.000,      60.0000,     0.000000,
                -80.0000,      60.0000,     0.000000,
                -60.0000,      60.0000,     0.000000,
                -40.0000,      60.0000,     0.000000,
                -20.0000,      60.0000,     0.000000,
                0.000000,      60.0000,     0.000000,
                 20.0000,      60.0000,     0.000000,
                 40.0000,      60.0000,     0.000000,
                 60.0000,      60.0000,     0.000000,
                 80.0000,      60.0000,     0.000000,
                 100.000,      60.0000,     0.000000,
                 120.000,      60.0000,     0.000000,
                 140.000,      60.0000,     0.000000,
                -120.000,      80.0000,     0.000000,
                -100.000,      80.0000,     0.000000,
                -80.0000,      80.0000,     0.000000,
                -60.0000,      80.0000,     0.000000,
                -40.0000,      80.0000,     0.000000,
                -20.0000,      80.0000,     0.000000,
                0.000000,      80.0000,     0.000000,
                 20.0000,      80.0000,     0.000000,
                 40.0000,      80.0000,     0.000000,
                 60.0000,      80.0000,     0.000000,
                 80.0000,      80.0000,     0.000000,
                 100.000,      80.0000,     0.000000,
                 120.000,      80.0000,     0.000000,
                 140.000,      80.0000,     0.000000,
                -120.000,      100.000,     0.000000,
                -100.000,      100.000,     0.000000,
                -80.0000,      100.000,     0.000000,
                -60.0000,      100.000,     0.000000,
                -40.0000,      100.000,     0.000000,
                -20.0000,      100.000,     0.000000,
                0.000000,      100.000,     0.000000,
                 20.0000,      100.000,     0.000000,
                 40.0000,      100.000,     0.000000,
                 60.0000,      100.000,     0.000000,
                 80.0000,      100.000,     0.000000,
                 100.000,      100.000,     0.000000,
                 120.000,      100.000,     0.000000,
                 140.000,      100.000,     0.000000 ]
